mean,sd,mc_error,hpd_2.5,hpd_97.5
0.614126409168,0.028058888459,0.000742158761371,0.614872306788,0.614872306788
3.13536373937,0.0838122841458,0.00449390220567,3.13988028102,3.13988028102
0.598661360609,0.0231960504657,0.000620848894986,0.598037383992,0.598037383992
4.39058303157,0.146379688805,0.00848533301954,4.39911111213,4.39911111213
0.153471415101,0.023777209587,0.000207165721166,0.153679624485,0.153679624485
1.54408002766,0.0666991900698,0.00413172952709,1.54823257208,1.54823257208
-2.64658552998,0.116227800679,0.00695631805388,-2.65357689268,-2.65357689268
-0.829692496555,0.048273893797,0.00188196966617,-0.827801045873,-0.827801045873
2.09045162326,0.0478764589952,0.00218915497813,2.09265180679,2.09265180679
0.0196707501871,0.0164038529422,1.61414214254e-05,0.0196545274482,0.0196545274482
-3.17869600164,0.118368115569,0.00695431209282,-3.18568534828,-3.18568534828
0.112638674287,0.0276796856621,0.00120182401536,0.111430795705,0.111430795705
